35,6
34,11
34,5
34,7
35,7
31,5
31,1
31,3
34,6
34,8
34,4
34,1
34,9
34,3
29,4
29,1
29,3
28,5
28,1
28,3
27,1
27,3
35,5
35,1
35,3
25,5
33,12
33,2
33,0
90,35
25,4
25,1
25,3
24,4
24,1
24,3
14,5
33,4
33,11
33,10
33,8
33,9
33,6
33,1
33,7
33,3
3,2
3,1
3,3
10,12
10,130
10,220
10,260
10,77
10,226
10,76
10,1
10,230
10,2
10,3
11,9
11,4
11,27
11,7
11,8
11,1
11,22
11,2
11,3
9,7
9,4
9,1
9,6
9,2
9,3
8,15
8,6
8,12
8,9
8,13
8,1
8,8
8,2
8,3
0,318
12,2
12,1
12,3
20,2
20,1
20,3
19,2
19,1
19,3
18,1
18,3
14,1
14,4
14,3
13,1
13,3
2,2
2,1
2,3
0,0
90,34
90,33
90,32
90,31
90,30
